5
50
201717004,201717000,43
201717013,201717007,1
201717004,201717003,64
201717002,201717012,91
201717010,201717004,57
201717011,201717001,90
201717012,201717001,46
201717012,201717013,38
201717000,201717009,19
201717001,201717002,42
201717012,201717005,49
201717009,201717003,17
201717008,201717012,1
201717009,201717002,13
201717006,201717008,96
201717005,201717002,22
201717011,201717007,74
201717009,201717007,60
201717011,201717002,43
201717012,201717000,83
201717007,201717006,22
201717007,201717008,23
201717004,201717008,17
201717001,201717009,50
201717012,201717010,86
201717008,201717013,52
201717004,201717012,99
201717006,201717011,84
201717006,201717010,57
201717008,201717003,1
201717008,201717001,81
201717006,201717005,48
201717002,201717007,85
201717010,201717008,83
201717013,201717010,69
201717003,201717013,29
201717006,201717000,69
201717010,201717001,91
201717006,201717003,86
201717011,201717010,2
201717006,201717013,31
201717004,201717002,33
201717001,201717005,0
201717003,201717011,24
201717009,201717004,50
201717000,201717005,8
201717002,201717006,1
201717002,201717010,38
201717000,201717013,16
201717005,201717004,17
46.02
14
201717004
201717000
201717003
201717010
201717008
201717012
201717002
201717009
201717005
201717006
201717013
201717011
201717001
201717007
timeout:3
7
20171700,20171701,22
20171700,20171704,56
20171700,20171703,20
20171701,20171704,84
20171700,20171702,13
20171703,20171704,5
20171702,20171703,4
29.14286
5
20171700
20171701
20171704
20171703
20171702
timeout:3
33
201717005,201717001,17
201717008,201717007,60
201717001,201717007,0
201717003,201717002,32
201717005,201717000,18
201717007,201717002,44
201717005,201717004,66
201717003,201717008,52
201717000,201717002,83
201717001,201717008,74
201717006,201717004,41
201717003,201717000,52
201717002,201717008,88
201717006,201717007,22
201717004,201717000,92
201717007,201717000,0
201717006,201717001,78
201717006,201717000,51
201717001,201717002,61
201717008,201717004,67
201717008,201717005,39
201717009,201717010,92
201717014,201717012,37
201717012,201717016,27
201717017,201717014,62
201717011,201717014,26
201717011,201717017,49
201717015,201717017,45
201717017,201717013,56
201717015,201717013,86
201717015,201717016,81
201717013,201717016,11
201717011,201717013,69
92
2
201717009
201717010
timeout:3
13
201717000,201717001,49
201717001,201717003,76
201717005,201717000,83
201717003,201717002,94
201717003,201717004,49
201717003,201717000,64
201717004,201717006,24
201717003,201717005,70
201717002,201717004,79
201717002,201717001,70
201717001,201717006,67
201717004,201717005,97
201717010,201717008,91
91
2
201717010
201717008
timeout:3
5
20171700,20171701,29
20171703,20171702,94
20171705,20171704,41
20171703,20171704,25
20171702,20171704,23
45.75
4
20171703
20171702
20171704
20171705
timeout:3
